
Log 文件产生时间 : 13:27:25 2018年5月30日 
原文： 00
----------------------------

Log 文件产生时间 : 13:27:27 2018年5月30日 
签名数据： 00 00 00 14 10 00 00 00 00 01 52 40 4C 1A B9 8E 19 AF A4 C8 96 C4 62 4F E2 2C 6A 3C 37 C7 56 03 40 E6 99 E6 E5 0F 91 3A D2 E1 6A 38 FC FE 0D A1 43 59 63 BC C8 99 2D 97 A2 EC 81 12 99 D4 61 77 7D 2A 94 9A E5 86 55 17 B3 FE 00 00 00 00 00 00 00 00 00 00 00 00 00 00 00 00 00 00 00 00 00 00 00 00 00 00
----------------------------

Log 文件产生时间 : 13:27:31 2018年5月30日 
原文： 00 00 00 00 00 00 00 00 00 00 00 00 00 00 00 00 00 00 01 00 00 00 C7 7A 68 6F 00 00 03 36 37 38 00 01 2D 00 00 B8 81 17 00 08 58 01 06 6E 81 17 01 05 45 14 02 70 81 17 02 10 42 02 00 2C 81 17 03 61 FF FF FF 0D 81 17 04 FF FF 00 00 A7 81 17 05 00 00 00 00 E8 81 17 06 00 00 00 00 AC 81 17 07 00 00 00 00 7F 81 17 08 00 00 00 00 1A 81 17 09 00 00 00 00 C9 81 17 0A 00 00 00 00 8D 81 17 0B 00 00 00 00 5E 81 17 0C 00 00 00 00 05 81 17 0D 00 00 00 00 D6 81 17 0E 00 00 00 00 92 81 17 0F 00 00 00 00 41 81 17 10 00 00 00 00 58 81 17 11 00 00 00 00 8B 81 17 12 00 00 00 00 CF 81 17 13 00 00 00 00 1C 81 17 14 00 00 00 00 47 81 17 15 00 00 00 00 94 81 17 16 00 00 00 C5 3B
----------------------------

Log 文件产生时间 : 13:27:31 2018年5月30日 
签名数据： 00 00 00 15 10 00 00 00 00 01 42 B4 AA 2F 36 B4 3B BA C0 8A E9 3F 48 B6 DE E4 10 F7 F4 BD 3F 7F 1A 93 FC 5D E9 0E DF C0 61 74 C1 0E 0A 7A 41 70 D4 A1 F3 7E BF 86 36 41 D3 22 EB 4C FA A0 F9 11 87 CF 05 93 0E AB 39 95 7C CD 00 00 00 00 00 00 00 00 00 00 00 00 00 00 00 00 00 00 00 00 00 00 00 00 00 00
----------------------------

Log 文件产生时间 : 13:37:33 2018年5月30日 
原文： 00
----------------------------

Log 文件产生时间 : 13:37:33 2018年5月30日 
签名数据： 00 00 00 14 00 00 00 00 00 05 5E E6 68 D3 A7 6E 36 20 33 09 FF 29 6D 7E DB 4F 7D FC E1 11 2E 8E 3D 72 E5 91 CF 88 7A BA CC DA 3B 32 A7 20 DA 0D B4 65 6E 83 BE CC 99 0C D6 AF 13 CE DD 1D EE 23 32 20 20 A7 23 15 AD 05 D9 CB 00 00 00 00 00 00 00 00 00 00 00 00 00 00 00 00 00 00 00 00 00 00 00 00 00 00
----------------------------

Log 文件产生时间 : 13:37:33 2018年5月30日 
原文： 00 00 00 00 00 00 00 00 00 00 00 00 00 00 00 00 00 00 01 00 00 00 C7 7A 68 6F 00 00 03 35 36 37 00 01 2D 00 00 B8 81 17 00 08 58 01 06 6E 81 17 01 05 45 14 02 70 81 17 02 10 42 02 00 2C 81 17 03 61 FF FF FF 0D 81 17 04 FF FF 00 00 A7 81 17 05 00 00 00 00 E8 81 17 06 00 00 00 00 AC 81 17 07 00 00 00 00 7F 81 17 08 00 00 00 00 1A 81 17 09 00 00 00 00 C9 81 17 0A 00 00 00 00 8D 81 17 0B 00 00 00 00 5E 81 17 0C 00 00 00 00 05 81 17 0D 00 00 00 00 D6 81 17 0E 00 00 00 00 92 81 17 0F 00 00 00 00 41 81 17 10 00 00 00 00 58 81 17 11 00 00 00 00 8B 81 17 12 00 00 00 00 CF 81 17 13 00 00 00 00 1C 81 17 14 00 00 00 00 47 81 17 15 00 00 00 00 94 81 17 16 00 00 00 C5 3B
----------------------------

Log 文件产生时间 : 13:37:33 2018年5月30日 
签名数据： 00 00 00 15 00 00 00 00 00 05 F5 37 3E 1C 68 4C DD 60 C0 00 FE 04 38 A9 F5 00 79 D0 7A 25 2C 2E C0 21 65 8D B1 A3 29 A5 0F 58 D1 13 0C 54 2C 4B 61 64 B2 86 55 C1 42 BC 67 DE 54 07 76 61 2F 11 1E 9D 84 5A 18 7F B1 5A 2E BE 00 00 00 00 00 00 00 00 00 00 00 00 00 00 00 00 00 00 00 00 00 00 00 00 00 00
----------------------------

Log 文件产生时间 : 13:45:28 2018年5月30日 
原文： 00
----------------------------

Log 文件产生时间 : 13:45:28 2018年5月30日 
签名数据： 00 00 00 00 00 00 00 00 00 00 00 00 00 00 00 00 00 00 00 00 00 00 00 00 00 00 00 00 00 00 00 00 00 00 00 00 00 00 00 00 00 00 00 00 00 00 00 00 00 00 00 00 00 00 00 00 00 00 00 00 00 00 00 00 00 00 00 00 00 00 00 00 00 00 00 00 00 00 00 00 00 00 00 00 00 00 00 00 00 00 00 00 00 00 00 00 00 00 00 00
----------------------------

Log 文件产生时间 : 13:46:07 2018年5月30日 
原文： 01 00 3E 00 00 00 55 55 55 55 55 55 55 55 55 55 55 55 55 55 55 00 01 E2 DF 10 31 26 E2 DF 11 31 26 31 39 30 30 30 11 01 00 00 00 12 00 00 00 00 00 00 00 00 01 00 00 00 02 00 02 1F FF 00 00 00 00
----------------------------

Log 文件产生时间 : 13:46:07 2018年5月30日 
签名数据： 00 00 00 00 00 00 00 00 00 00 00 00 00 00 00 00 00 00 00 00 00 00 00 00 00 00 00 00 00 00 00 00 00 00 00 00 00 00 00 00 00 00 00 00 00 00 00 00 00 00 00 00 00 00 00 00 00 00 00 00 00 00 00 00 00 00 00 00 00 00 00 00 00 00 00 00 00 00 00 00 00 00 00 00 00 00 00 00 00 00 00 00 00 00 00 00 00 00 00 00
----------------------------

Log 文件产生时间 : 13:46:07 2018年5月30日 
原文： 00 00 00 00 00 00 00 00 00 00 00 00 00 00 00 00 00 00 01 00 00 00 CA 7A 68 6F 00 00 06 33 33 33 33 33 33 00 01 2D 00 00 B8 81 17 00 08 58 01 06 6E 81 17 01 05 45 14 02 70 81 17 02 10 42 02 02 4E 81 17 03 61 FF FF FF 0D 81 17 04 FF FF 00 00 A7 81 17 05 00 00 00 00 E8 81 17 06 00 00 00 00 AC 81 17 07 00 00 00 00 7F 81 17 08 00 00 00 00 1A 81 17 09 00 00 00 00 C9 81 17 0A 00 00 00 00 8D 81 17 0B 00 00 00 00 5E 81 17 0C 00 00 00 00 05 81 17 0D 00 00 00 00 D6 81 17 0E 00 00 00 00 92 81 17 0F 00 00 00 00 41 81 17 10 00 00 00 00 58 81 17 11 00 00 00 00 8B 81 17 12 00 00 00 00 CF 81 17 13 00 00 00 00 1C 81 17 14 00 00 00 00 47 81 17 15 00 00 00 00 94 81 17 16 00 00 00 30 F1
----------------------------

Log 文件产生时间 : 13:46:07 2018年5月30日 
签名数据： 00 00 00 00 00 00 00 00 00 00 00 00 00 00 00 00 00 00 00 00 00 00 00 00 00 00 00 00 00 00 00 00 00 00 00 00 00 00 00 00 00 00 00 00 00 00 00 00 00 00 00 00 00 00 00 00 00 00 00 00 00 00 00 00 00 00 00 00 00 00 00 00 00 00 00 00 00 00 00 00 00 00 00 00 00 00 00 00 00 00 00 00 00 00 00 00 00 00 00 00
----------------------------

Log 文件产生时间 : 13:46:07 2018年5月30日 
原文： 00 00 00 55 55 55 55 55 55 55 55 55 55 55 55 55 55 55 01 00 00 00 C7 7A 68 6F 00 00 03 37 37 37 00 01 2D 00 00 B8 81 17 00 08 58 01 06 6E 81 17 01 05 45 14 02 70 81 17 02 10 42 02 00 2C 81 17 03 61 FF FF FF 0D 81 17 04 FF FF 00 00 A7 81 17 05 00 00 00 00 E8 81 17 06 00 00 00 00 AC 81 17 07 00 00 00 00 7F 81 17 08 00 00 00 00 1A 81 17 09 00 00 00 00 C9 81 17 0A 00 00 00 00 8D 81 17 0B 00 00 00 00 5E 81 17 0C 00 00 00 00 05 81 17 0D 00 00 00 00 D6 81 17 0E 00 00 00 00 92 81 17 0F 00 00 00 00 41 81 17 10 00 00 00 00 58 81 17 11 00 00 00 00 8B 81 17 12 00 00 00 00 CF 81 17 13 00 00 00 00 1C 81 17 14 00 00 00 00 47 81 17 15 00 00 00 00 94 81 17 16 00 00 00 C5 3B
----------------------------

Log 文件产生时间 : 13:46:07 2018年5月30日 
签名数据： 00 00 00 00 00 00 00 00 00 00 00 00 00 00 00 00 00 00 00 00 00 00 00 00 00 00 00 00 00 00 00 00 00 00 00 00 00 00 00 00 00 00 00 00 00 00 00 00 00 00 00 00 00 00 00 00 00 00 00 00 00 00 00 00 00 00 00 00 00 00 00 00 00 00 00 00 00 00 00 00 00 00 00 00 00 00 00 00 00 00 00 00 00 00 00 00 00 00 00 00
----------------------------

Log 文件产生时间 : 13:50:07 2018年5月30日 
原文： 00
----------------------------

Log 文件产生时间 : 13:50:07 2018年5月30日 
签名数据： 00 00 00 00 00 00 00 00 00 00 00 00 00 00 00 00 00 00 00 00 00 00 00 00 00 00 00 00 00 00 00 00 00 00 00 00 00 00 00 00 00 00 00 00 00 00 00 00 00 00 00 00 00 00 00 00 00 00 00 00 00 00 00 00 00 00 00 00 00 00 00 00 00 00 00 00 00 00 00 00 00 00 00 00 00 00 00 00 00 00 00 00 00 00 00 00 00 00 00 00
----------------------------

Log 文件产生时间 : 13:50:38 2018年5月30日 
原文： 00 00 00 00 00 00 00 00 00 00 00 00 00 00 00 00 00 00 01 00 00 00 CA 7A 68 6F 00 00 06 33 33 33 33 33 33 00 01 2D 00 00 B8 81 17 00 08 58 01 06 6E 81 17 01 05 45 14 02 70 81 17 02 10 42 02 02 4E 81 17 03 61 FF FF FF 0D 81 17 04 FF FF 00 00 A7 81 17 05 00 00 00 00 E8 81 17 06 00 00 00 00 AC 81 17 07 00 00 00 00 7F 81 17 08 00 00 00 00 1A 81 17 09 00 00 00 00 C9 81 17 0A 00 00 00 00 8D 81 17 0B 00 00 00 00 5E 81 17 0C 00 00 00 00 05 81 17 0D 00 00 00 00 D6 81 17 0E 00 00 00 00 92 81 17 0F 00 00 00 00 41 81 17 10 00 00 00 00 58 81 17 11 00 00 00 00 8B 81 17 12 00 00 00 00 CF 81 17 13 00 00 00 00 1C 81 17 14 00 00 00 00 47 81 17 15 00 00 00 00 94 81 17 16 00 00 00 30 F1
----------------------------

Log 文件产生时间 : 13:50:38 2018年5月30日 
签名数据： 00 00 00 00 00 00 00 00 00 00 00 00 00 00 00 00 00 00 00 00 00 00 00 00 00 00 00 00 00 00 00 00 00 00 00 00 00 00 00 00 00 00 00 00 00 00 00 00 00 00 00 00 00 00 00 00 00 00 00 00 00 00 00 00 00 00 00 00 00 00 00 00 00 00 00 00 00 00 00 00 00 00 00 00 00 00 00 00 00 00 00 00 00 00 00 00 00 00 00 00
----------------------------

Log 文件产生时间 : 13:50:38 2018年5月30日 
原文： 00 00 00 55 55 55 55 55 55 55 55 55 55 55 55 55 55 55 01 00 00 00 CE 7A 68 6F 00 00 0A 39 39 39 39 39 39 39 39 39 39 00 01 2D 00 00 B8 81 17 00 08 58 01 06 6E 81 17 01 05 45 14 02 70 81 17 02 10 42 02 02 4E 81 17 03 61 FF FF FF 0D 81 17 04 FF FF 00 00 A7 81 17 05 00 00 00 00 E8 81 17 06 00 00 00 00 AC 81 17 07 00 00 00 00 7F 81 17 08 00 00 00 00 1A 81 17 09 00 00 00 00 C9 81 17 0A 00 00 00 00 8D 81 17 0B 00 00 00 00 5E 81 17 0C 00 00 00 00 05 81 17 0D 00 00 00 00 D6 81 17 0E 00 00 00 00 92 81 17 0F 00 00 00 00 41 81 17 10 00 00 00 00 58 81 17 11 00 00 00 00 8B 81 17 12 00 00 00 00 CF 81 17 13 00 00 00 00 1C 81 17 14 00 00 00 00 47 81 17 15 00 00 00 00 94 81 17 16 00 00 00 30 F1
----------------------------

Log 文件产生时间 : 13:50:38 2018年5月30日 
签名数据： 00 00 00 00 00 00 00 00 00 00 00 00 00 00 00 00 00 00 00 00 00 00 00 00 00 00 00 00 00 00 00 00 00 00 00 00 00 00 00 00 00 00 00 00 00 00 00 00 00 00 00 00 00 00 00 00 00 00 00 00 00 00 00 00 00 00 00 00 00 00 00 00 00 00 00 00 00 00 00 00 00 00 00 00 00 00 00 00 00 00 00 00 00 00 00 00 00 00 00 00
----------------------------

Log 文件产生时间 : 13:53:06 2018年5月30日 
原文： 00 00 00 00 00 00 00 00 00 00 00 00 00 00 00 00 00 00 01 00 00 00 CA 7A 68 6F 00 00 06 33 33 33 33 33 33 00 01 2D 00 00 B8 81 17 00 08 58 01 06 6E 81 17 01 05 45 14 02 70 81 17 02 10 42 02 02 4E 81 17 03 61 FF FF FF 0D 81 17 04 FF FF 00 00 A7 81 17 05 00 00 00 00 E8 81 17 06 00 00 00 00 AC 81 17 07 00 00 00 00 7F 81 17 08 00 00 00 00 1A 81 17 09 00 00 00 00 C9 81 17 0A 00 00 00 00 8D 81 17 0B 00 00 00 00 5E 81 17 0C 00 00 00 00 05 81 17 0D 00 00 00 00 D6 81 17 0E 00 00 00 00 92 81 17 0F 00 00 00 00 41 81 17 10 00 00 00 00 58 81 17 11 00 00 00 00 8B 81 17 12 00 00 00 00 CF 81 17 13 00 00 00 00 1C 81 17 14 00 00 00 00 47 81 17 15 00 00 00 00 94 81 17 16 00 00 00 30 F1
----------------------------

Log 文件产生时间 : 13:53:06 2018年5月30日 
签名数据： 00 00 00 00 00 00 00 00 00 00 00 00 00 00 00 00 00 00 00 00 00 00 00 00 00 00 00 00 00 00 00 00 00 00 00 00 00 00 00 00 00 00 00 00 00 00 00 00 00 00 00 00 00 00 00 00 00 00 00 00 00 00 00 00 00 00 00 00 00 00 00 00 00 00 00 00 00 00 00 00 00 00 00 00 00 00 00 00 00 00 00 00 00 00 00 00 00 00 00 00
----------------------------

Log 文件产生时间 : 13:53:06 2018年5月30日 
原文： 00 00 00 55 55 55 55 55 55 55 55 55 55 55 55 55 55 55 01 00 00 00 CE 7A 68 6F 00 00 0A 39 39 39 39 39 39 39 39 39 39 00 01 2D 00 00 B8 81 17 00 08 58 01 06 6E 81 17 01 05 45 14 02 70 81 17 02 10 42 02 02 4E 81 17 03 61 FF FF FF 0D 81 17 04 FF FF 00 00 A7 81 17 05 00 00 00 00 E8 81 17 06 00 00 00 00 AC 81 17 07 00 00 00 00 7F 81 17 08 00 00 00 00 1A 81 17 09 00 00 00 00 C9 81 17 0A 00 00 00 00 8D 81 17 0B 00 00 00 00 5E 81 17 0C 00 00 00 00 05 81 17 0D 00 00 00 00 D6 81 17 0E 00 00 00 00 92 81 17 0F 00 00 00 00 41 81 17 10 00 00 00 00 58 81 17 11 00 00 00 00 8B 81 17 12 00 00 00 00 CF 81 17 13 00 00 00 00 1C 81 17 14 00 00 00 00 47 81 17 15 00 00 00 00 94 81 17 16 00 00 00 30 F1
----------------------------

Log 文件产生时间 : 13:53:06 2018年5月30日 
签名数据： 00 00 00 00 00 00 00 00 00 00 00 00 00 00 00 00 00 00 00 00 00 00 00 00 00 00 00 00 00 00 00 00 00 00 00 00 00 00 00 00 00 00 00 00 00 00 00 00 00 00 00 00 00 00 00 00 00 00 00 00 00 00 00 00 00 00 00 00 00 00 00 00 00 00 00 00 00 00 00 00 00 00 00 00 00 00 00 00 00 00 00 00 00 00 00 00 00 00 00 00
----------------------------

Log 文件产生时间 : 13:56:23 2018年5月30日 
原文： 00
----------------------------

Log 文件产生时间 : 13:56:23 2018年5月30日 
签名数据： 00 00 00 14 00 00 00 00 00 05 57 2C 93 1D 58 F3 8D 45 21 EF 0C C3 18 CE 21 06 68 39 8B E3 70 CB FE 46 79 0C 7C 80 D9 CE C7 57 A5 F0 50 73 38 C3 35 CF 5A 25 2F B9 42 C8 18 0F 96 7E D7 68 8B EA 25 12 92 E9 6C C6 3C 81 18 D1 00 00 00 00 00 00 00 00 00 00 00 00 00 00 00 00 00 00 00 00 00 00 00 00 00 00
----------------------------

Log 文件产生时间 : 13:56:23 2018年5月30日 
原文： 00 00 00 55 55 55 55 55 55 55 55 55 55 55 55 55 55 55 01 00 00 00 C7 7A 68 6F 00 00 03 32 33 34 00 01 2D 00 00 B8 81 17 00 08 58 01 06 6E 81 17 01 05 45 14 02 70 81 17 02 10 42 02 02 4E 81 17 03 61 FF FF FF 0D 81 17 04 FF FF 00 00 A7 81 17 05 00 00 00 00 E8 81 17 06 00 00 00 00 AC 81 17 07 00 00 00 00 7F 81 17 08 00 00 00 00 1A 81 17 09 00 00 00 00 C9 81 17 0A 00 00 00 00 8D 81 17 0B 00 00 00 00 5E 81 17 0C 00 00 00 00 05 81 17 0D 00 00 00 00 D6 81 17 0E 00 00 00 00 92 81 17 0F 00 00 00 00 41 81 17 10 00 00 00 00 58 81 17 11 00 00 00 00 8B 81 17 12 00 00 00 00 CF 81 17 13 00 00 00 00 1C 81 17 14 00 00 00 00 47 81 17 15 00 00 00 00 94 81 17 16 00 00 00 30 F1
----------------------------

Log 文件产生时间 : 13:56:23 2018年5月30日 
签名数据： 00 00 00 15 00 00 00 00 00 05 03 E8 24 7D BA 83 6D 25 53 AB 6A 64 84 AD 4B 2B 27 FA A2 5A D7 62 5B EC 4D B9 D4 03 CB 90 E1 D4 F6 DC 43 93 64 55 99 81 0A 5C 7F 23 F4 77 8A 9E 37 A9 B2 A8 CB D3 4B 7D AE DE FE 8E B6 30 17 45 00 00 00 00 00 00 00 00 00 00 00 00 00 00 00 00 00 00 00 00 00 00 00 00 00 00
----------------------------

Log 文件产生时间 : 13:59:04 2018年5月30日 
原文： 00
----------------------------

Log 文件产生时间 : 13:59:04 2018年5月30日 
签名数据： 00 00 00 14 00 00 00 00 00 05 5A F1 CB 4F 2A 20 94 E5 DA 4C DF 46 1A 63 A5 85 82 98 CD C3 D7 2E 57 FC 41 3A CA 94 91 1C 81 25 A3 E0 6C 66 33 A3 44 21 75 5C E6 31 63 F1 C2 90 C7 15 07 A0 A9 C3 15 82 FA 83 32 9F 9D 68 4C 58 00 00 00 00 00 00 00 00 00 00 00 00 00 00 00 00 00 00 00 00 00 00 00 00 00 00
----------------------------

Log 文件产生时间 : 13:59:04 2018年5月30日 
原文： 00 00 00 55 55 55 55 55 55 55 55 55 55 55 55 55 55 55 01 00 00 00 C9 7A 68 6F 00 00 05 35 36 37 35 36 00 01 2D 00 00 B8 81 17 00 08 58 01 06 6E 81 17 01 05 45 14 02 70 81 17 02 10 42 02 00 2C 81 17 03 61 FF FF FF 0D 81 17 04 FF FF 00 00 A7 81 17 05 00 00 00 00 E8 81 17 06 00 00 00 00 AC 81 17 07 00 00 00 00 7F 81 17 08 00 00 00 00 1A 81 17 09 00 00 00 00 C9 81 17 0A 00 00 00 00 8D 81 17 0B 00 00 00 00 5E 81 17 0C 00 00 00 00 05 81 17 0D 00 00 00 00 D6 81 17 0E 00 00 00 00 92 81 17 0F 00 00 00 00 41 81 17 10 00 00 00 00 58 81 17 11 00 00 00 00 8B 81 17 12 00 00 00 00 CF 81 17 13 00 00 00 00 1C 81 17 14 00 00 00 00 47 81 17 15 00 00 00 00 94 81 17 16 00 00 00 C5 3B
----------------------------

Log 文件产生时间 : 13:59:04 2018年5月30日 
签名数据： 00 00 00 15 00 00 00 00 00 05 AB 05 1E A2 A8 FE 05 9A 6C 68 46 8F 75 0B 67 59 3C 47 C4 8B 0B 00 80 59 C2 69 2A CA 8C D2 56 12 70 70 F1 62 B1 C0 3A DD 08 6D A1 CC 6F 55 1A 95 56 96 B8 A1 6C F6 A8 D6 47 0A 1D D4 32 43 CD 75 00 00 00 00 00 00 00 00 00 00 00 00 00 00 00 00 00 00 00 00 00 00 00 00 00 00
----------------------------

Log 文件产生时间 : 14:00:49 2018年5月30日 
原文： 00
----------------------------

Log 文件产生时间 : 14:00:49 2018年5月30日 
签名数据： 00 00 00 16 00 00 00 00 00 05 55 DB 80 63 2F 76 A9 9C 60 E8 94 D7 BB 65 E4 04 7C A6 53 6F D3 99 CD 8F BA 2F B2 C2 20 A7 49 84 3E C7 CA FD EC F3 D8 DF E5 1E B4 53 F0 77 DC 4E C5 F3 4A 76 F5 4E 07 A5 70 80 93 10 75 BD A1 F5 00 00 00 00 00 00 00 00 00 00 00 00 00 00 00 00 00 00 00 00 00 00 00 00 00 00
----------------------------

Log 文件产生时间 : 14:00:50 2018年5月30日 
原文： 00 00 00 55 55 55 55 55 55 55 55 55 55 55 55 55 55 55 01 00 00 00 C9 7A 68 6F 00 00 05 35 36 37 35 36 00 01 2D 00 00 B8 81 17 00 08 58 01 06 6E 81 17 01 05 45 14 02 70 81 17 02 10 42 02 00 2C 81 17 03 61 FF FF FF 0D 81 17 04 FF FF 00 00 A7 81 17 05 00 00 00 00 E8 81 17 06 00 00 00 00 AC 81 17 07 00 00 00 00 7F 81 17 08 00 00 00 00 1A 81 17 09 00 00 00 00 C9 81 17 0A 00 00 00 00 8D 81 17 0B 00 00 00 00 5E 81 17 0C 00 00 00 00 05 81 17 0D 00 00 00 00 D6 81 17 0E 00 00 00 00 92 81 17 0F 00 00 00 00 41 81 17 10 00 00 00 00 58 81 17 11 00 00 00 00 8B 81 17 12 00 00 00 00 CF 81 17 13 00 00 00 00 1C 81 17 14 00 00 00 00 47 81 17 15 00 00 00 00 94 81 17 16 00 00 00 C5 3B
----------------------------

Log 文件产生时间 : 14:00:50 2018年5月30日 
签名数据： 00 00 00 17 00 00 00 00 00 05 AE 3A 6D 96 F9 5B 3F 73 67 89 82 D7 E9 74 93 4C F5 A8 59 21 EC EA AB A2 F8 DD DD 82 4E 77 38 84 C3 CE 55 E1 33 2D 38 00 CB 72 D2 99 10 49 7A EC 39 AF C6 13 31 68 66 22 16 CA 9E 8D E4 33 73 B1 00 00 00 00 00 00 00 00 00 00 00 00 00 00 00 00 00 00 00 00 00 00 00 00 00 00
----------------------------

Log 文件产生时间 : 14:03:04 2018年5月30日 
原文： 01 00 3E 00 00 00 10 00 00 00 00 02 22 20 00 00 00 00 00 00 77 00 01 E2 DF 10 31 26 E2 DF 11 31 26 31 39 30 30 30 11 01 00 00 00 12 00 00 00 00 00 00 00 00 01 00 00 00 02 00 02 1F FF 00 00 00 00
----------------------------

Log 文件产生时间 : 14:03:04 2018年5月30日 
签名数据： 00 00 00 18 00 00 00 00 00 05 35 8D 36 44 34 34 A7 45 13 84 A7 8A EF 4A 94 78 90 0F 86 FE 73 F4 50 D0 D4 CC 60 D3 99 FF 01 86 93 28 A1 FA 53 70 E6 CA F8 AE 1A 0E CA 19 F9 C8 82 67 9A AC 18 DE 42 E4 0D 48 4E 49 27 60 19 9B 00 00 00 00 00 00 00 00 00 00 00 00 00 00 00 00 00 00 00 00 00 00 00 00 00 00
----------------------------

Log 文件产生时间 : 14:03:16 2018年5月30日 
原文： 01 00 3E 00 00 00 10 00 00 00 00 02 22 20 00 00 00 00 00 00 77 00 01 E2 DF 10 31 26 E2 DF 11 31 26 31 39 30 30 30 11 01 00 00 00 12 00 00 00 00 00 00 00 00 01 00 00 00 02 00 02 1F FF 00 00 00 00
----------------------------

Log 文件产生时间 : 14:03:16 2018年5月30日 
签名数据： 00 00 00 19 00 00 00 00 00 05 7C 05 0B D6 59 5A 47 40 05 8E 41 7C C4 65 CC 31 5B 6B D4 D3 FC 3A 77 8D 38 07 9E 19 15 70 88 55 C5 AB 2B 49 A3 9B 8B D1 D7 7B D1 76 3A 76 57 E1 63 A1 C5 E5 01 A0 D3 ED 39 5F 83 5C 1D 5A 7F 9F 00 00 00 00 00 00 00 00 00 00 00 00 00 00 00 00 00 00 00 00 00 00 00 00 00 00
----------------------------

Log 文件产生时间 : 14:03:17 2018年5月30日 
原文： 01 00 3E 00 00 00 10 00 00 00 00 02 22 20 00 00 00 00 00 00 77 00 01 E2 DF 10 31 26 E2 DF 11 31 26 31 39 30 30 30 11 01 00 00 00 12 00 00 00 00 00 00 00 00 01 00 00 00 02 00 02 1F FF 00 00 00 00
----------------------------

Log 文件产生时间 : 14:03:17 2018年5月30日 
签名数据： 00 00 00 1A 00 00 00 00 00 05 5E 88 36 B3 47 72 F5 2D 8C E2 8D 15 7E 88 04 9F 73 21 B4 83 CB F6 90 FD 6B DD 79 36 2F 1C 69 6A A0 73 CC C4 EA 1F DF EE 4F 8B 1E 08 5B 20 A7 82 5E EB E6 D7 CF 03 DB 5B 33 3C C6 EA 56 14 4D 16 00 00 00 00 00 00 00 00 00 00 00 00 00 00 00 00 00 00 00 00 00 00 00 00 00 00
----------------------------
